0.089556717335 0.282035211400
0.391037005324 0.648349307396
0.409669536028 0.074474565469
0.452931643103 0.804302275135
0.966551269630 0.661139431563
0.437257686965 0.984080471560
0.335525880413 0.492088876314
0.501985696494 0.538676277627
0.248680090590 0.526790672570
0.556339234010 0.839449936021
0.554157460005 0.434780591502
0.909751709762 0.238878184054
0.095608687749 0.610291839487
0.206154403092 0.696379094547
0.423032877600 0.867124849201
0.196589072048 0.718593470221
0.176041029435 0.745401630119
0.268027158749 0.460710964273
0.965642505550 0.636769855310
0.832856945422 0.674492397503
0.693620850261 0.251190547657
0.740855237176 0.432636440832
0.187742172086 0.358367824545
0.564732255546 0.411808576298
0.412021904581 0.056506169973
0.314942822399 0.141146283862
0.322676811675 0.278584583960
0.910198021659 0.436225472353
0.201083701616 0.105227384508
0.058256431263 0.601235974022
0.722444852982 0.890011499377
0.764690362328 0.372542069380
0.922686036425 0.616204470074
0.871218226820 0.708661944538
0.557443532058 0.893602696223
0.312225869929 0.888160561884
0.984292523932 0.568168406507
0.849927511264 0.157696551214
0.694904659571 0.785177569554
0.346059599273 0.142929232480
0.502045359347 0.067454604215
0.766473739354 0.529878432055
0.348050686845 0.841761254901
0.422619670029 0.310902124343
0.205484051072 0.762995806933
0.242011598833 0.668954154632
0.493029319796 0.014897758610
0.005891911920 0.478309512483
0.735332187204 0.707496072098
0.772387240960 0.200602383865
0.584905725342 0.839094336340
0.214875028053 0.177456413903
0.429235901784 0.312418310743
0.518288460914 0.010312893197
0.491000266162 0.841472092048
0.932840361710 0.512817826009
0.542367782803 0.584877445033
0.208451756092 0.674123244517
0.372467613167 0.172290655824
0.661847260935 0.913292181425
0.967599848045 0.626835880481
0.915793352508 0.475736734335
0.368746819293 0.022933646111
0.581145461318 0.420068668299
0.660749851414 0.299736190657
0.038670244403 0.552834881133
0.329042580754 0.679880418275
0.240182812847 0.176244060317
0.529088716612 0.094193983379
0.920956711965 0.446896165481
0.390880873518 0.698547645402
0.939151198123 0.602148963977
0.433225970118 0.913804702674
0.620794668938 0.657096818242
0.779405988236 0.716674640709
0.437831549309 0.134311307253
0.188509313434 0.673194703337
0.494654347537 0.028030288645
0.403177663545 0.531127914444
0.295992152369 0.362759693145
0.864490061035 0.640008180086
0.543937400809 0.189918723933
0.988781820980 0.585775667938
0.104664599082 0.700356305507
0.652686244960 0.347286282188
0.631327743323 0.262459632303
0.417930851089 0.218771204636
0.896328943525 0.559449645821
0.163034679872 0.673734544700
0.668104485764 0.281161241299
0.239559561070 0.439652551068
0.383240206955 0.497849191655
0.541629870548 0.569443287693
0.087641933953 0.327873633552
0.584052615935 0.441183706383
0.714005482782 0.657481944574
0.638903957475 0.749363382754
0.400414205482 0.817269639070
0.524595810223 0.026118393062
0.172432450851 0.257741683688
0.813244278266 0.660735681341
0.309337822792 0.095237095164
0.872346568357 0.517525118431
0.257247295291 0.683029056686
0.424439504609 0.945650248077
0.274387554329 0.063562974581
0.664252997065 0.359811878847
0.897045197873 0.748070706322
0.365933760387 0.352700222366
0.464705015874 0.226528357534
0.171116075751 0.468963589861
0.319247138295 0.646368336549
0.117922001779 0.616157026406
0.585361757219 0.146462895709
0.835722856884 0.409531410413
0.710523658830 0.494161948211
0.261063994435 0.897587758698
0.511730922040 0.777667100257
0.606572064014 0.757373624658
0.820258763111 0.781980747539
0.486584946859 0.214346260814
0.039894386204 0.448773849627
0.306962614019 0.207482810181
0.423779720074 0.178299161647
0.561528429753 0.513649126402
0.655481711648 0.503865862848
0.309691755872 0.353396466783
0.893791838990 0.668713508795
0.418982232786 0.616375724929
0.234302213004 0.531620082336
0.328622319114 0.536727144741
0.726482773834 0.215933257997
0.383714163765 0.609987484666
0.557375284042 0.147299776587
0.490681911700 0.400565935392
0.349252849433 0.531154496020
0.290104730355 0.831472350711
0.743060580395 0.748040052305
0.416827619173 0.601255995594
0.819397021276 0.641452742191
0.811960219595 0.454963356362
0.562749565244 0.481597907022
0.729720271828 0.755477102882
0.582621845785 0.833017264687
0.474818691722 0.647598542424
0.281859881077 0.207096091287
0.479147249013 0.178264679894
0.514303838721 0.674790593021
0.238062045360 0.177930887364
0.752172583424 0.831963017544
0.547073474980 0.669519634840
0.741103189006 0.839826946808
0.301228667447 0.305578155980
0.955027719716 0.456708235540
0.772986837144 0.193218628455
0.567568610322 0.350838449632
0.778454684135 0.446872382762
0.881744672750 0.726614204637
0.630757183915 0.584973152397
0.129729510082 0.659130515219
0.153607878171 0.853912813322
0.575660218852 0.323749757214
0.371163083094 0.498021427658
0.493358875274 0.859090170092
0.328840827879 0.509756717717
0.109420737743 0.777719918354
0.372871057683 0.815686095696
0.399519848032 0.825856517960
0.401253326889 0.098373436392
0.444169500713 0.764231010518
0.353268660454 0.617144727525
0.163746736982 0.551340131217
0.830637990690 0.206456282457
0.681818416501 0.436318152220
0.814056932650 0.811036898478
0.794520466308 0.547421298350
0.813867424106 0.797411789139
0.717443701978 0.055052520487
0.231393126825 0.454050411809
0.525757486822 0.867025061014
0.747413749282 0.621456285385
0.854886426789 0.326564473176
0.735241772778 0.830582489919
0.215151658565 0.519072355125
0.378923663026 0.823405346326
0.260452081277 0.166615989564
0.681336110849 0.081228920277
0.402387859626 0.938028358374
0.476715458202 0.099278158531
0.157275707498 0.470026848947
0.627792308253 0.824060153175
0.814929492263 0.717598106879
0.252266811964 0.405196482643
0.359122272199 0.625379318517
0.691844930102 0.289439542054
0.238366382951 0.121492133737
0.785322903373 0.374664600094
0.153492786957 0.716408445667
0.156272806264 0.560447091134
0.509289333948 0.322221552097
0.604689465045 0.213283910931
0.844115151522 0.846143214229
0.243986713757 0.885858842145
0.416611631964 0.428213203891
0.770950055861 0.087618218755
0.373505080904 0.851572480717
0.243085554159 0.719160640314
0.507318556427 0.950114936091
0.777038918989 0.675772499450
0.491386383421 0.077075803670
0.544128764315 0.822601157432
0.492349894366 0.047239655174
0.313454136093 0.084010373122
0.203584317165 0.266535907580
0.952571239079 0.294090337887
0.429535838875 0.722758576675
0.263209288535 0.727815720888
0.237521933913 0.240960066729
0.570827101257 0.559914572528
0.218146874853 0.394550247675
0.290371202233 0.563576542904
0.908283334670 0.327493218316
0.866792633167 0.538825175850
0.058069591424 0.305420833711
0.730345189043 0.573950365319
0.680580584724 0.440742677413
0.617460108040 0.693462414130
0.796992587344 0.652714259143
0.641223378396 0.663242069926
0.760457107043 0.317664472693
0.634729857937 0.968284285154
0.127091218281 0.313237353301
0.551263029815 0.637442484181
0.982872819990 0.463559149640
0.392269700158 0.493837887071
0.119051711894 0.216803691633
0.618181288153 0.446504275186
0.071202111680 0.592813058196
0.931138423255 0.594979622540
0.770375951838 0.337341222525
0.905968103769 0.603075770569
0.157300510713 0.626982656221
0.910003468839 0.393499454575
0.863511100147 0.220292032049
0.060967428624 0.328887540924
0.517685091011 0.049809946225
0.918585646879 0.767338101931
0.478464407958 0.312928236163
0.148697108298 0.452644756868
0.525482959702 0.474582894583
0.371846709720 0.423613405885
0.956881737559 0.409175200483
0.489374736438 0.602575722291
0.196160209644 0.723566285736
0.670415644224 0.278785672337
0.415126504939 0.412292881266
0.336009630313 0.347583773161
0.636530759427 0.661541452087
0.686588946191 0.333847125371
0.173694512614 0.346077575196
0.626436789200 0.286061142172
0.907340444370 0.455282116182
0.308202962696 0.077644587513
0.680805986673 0.809716087489
0.445520381780 0.065434825156
0.664217115069 0.802394499025
0.177015146747 0.769038973788
0.202785356250 0.557476206812
0.281358524524 0.253174734128
0.750112124195 0.594294618954
0.643016228136 0.855886916131
0.610080483279 0.351897517068
0.756511924033 0.626758065686
0.458342128773 0.117659284761
0.334312795739 0.774254315713
0.182082767874 0.716878811763
0.110087187754 0.243651217139
0.246428070880 0.378241652944
0.005715989043 0.519879801320
0.724778596713 0.522822435369
0.542665380412 0.437201285604
0.195452499947 0.425522880029
0.671575873082 0.030454595348
0.559167331913 0.407291188232
0.145760150893 0.498677820316
0.725235291460 0.398305338667
0.421538790553 0.122112182463
0.286401717525 0.786464909740
0.253543143685 0.436126877190
0.413835736088 0.275027192960
0.899726352398 0.478011889727
0.321336297393 0.530194728293
0.631011702034 0.272769792767
0.653528820410 0.319919677293
0.498764040298 0.229038444401
0.301190484385 0.092530569549
0.561531291008 0.217741276421
0.539523639376 0.617523011197
0.946941364777 0.615622326177
0.518044093744 0.382543673828
0.631550394844 0.429444865656
0.151002107689 0.236516189351
0.667269157401 0.859509919039
0.414367813946 0.748137100308
0.591748593746 0.619349237443
0.731123271568 0.685968809455
0.174497126642 0.721654079557
0.073736985930 0.390217465905
0.456868999977 0.508854779999
0.279148590117 0.906155301935
0.977058961516 0.587014746756
0.644253684823 0.878035356728
0.148372528876 0.601618723153
0.552086606052 0.920226162979
0.435970104867 0.184852883263
0.477109570633 0.633468315618
0.544863893545 0.270509572530
0.830408584287 0.467958626213
0.333615989735 0.633638183967
0.178352017696 0.135448684715
0.712370587446 0.119741694331
0.306265638514 0.511189227577
0.151800286526 0.198917395249
0.441427971805 0.233105037183
0.361242765179 0.226666356490
0.885829057751 0.812306685562
0.210875506562 0.170046589144
0.765253778027 0.369828066176
0.388139113409 0.854746909545
0.829829915387 0.469933861976
0.097909069643 0.589164391064
0.675322971231 0.719972693529
0.297744636493 0.853696962319
0.725398253818 0.450387868204
0.343801559728 0.951561707294
0.771005040214 0.575030424999
0.427066666406 0.336986660570
0.309651914358 0.489485896539
0.514879347644 0.796870443457
0.097580518363 0.548756017012
0.975138052594 0.598767682817
0.532202792711 0.298401754652
0.266794709551 0.711936671685
0.772998951555 0.259670011527
0.939550949479 0.394425287003
0.525416913099 0.800873575453
0.217827923647 0.802170896391
0.226473577839 0.606561684889
0.698581629595 0.232077076387
0.289474422645 0.945694918033
0.585005614810 0.637044519567
0.545234669127 0.740928602810
0.796317427837 0.522071736288
0.874679460161 0.726392160805
0.713107582348 0.743103746265
0.488827365564 0.692982416529
0.076100679365 0.433191975680
0.619046847946 0.209462277640
0.289666554492 0.072701574553
0.295572389917 0.315591839448
0.509834807252 0.210985972595
0.468853125691 0.734594882870
0.593956874123 0.338992158728
0.880293426076 0.350155281217
0.685000336423 0.210933364977
0.227249894111 0.216850335527
0.342474558238 0.695191013556
0.061694142423 0.432531858429
0.180186325028 0.522055134764
0.472717125079 0.829835042085
0.463083082685 0.905464007032
0.405401395728 0.857536685387
0.330603489496 0.860281707454
0.752141247213 0.902826952027
0.672151286544 0.856132161770
0.859243064620 0.381233797497
0.756797474520 0.806170962007
0.034895867583 0.476325229853
0.985286880048 0.487111557854
0.188809069849 0.666909818227
0.914593340809 0.574617519177
0.850295578560 0.508205217893
0.270048021402 0.080366462953
0.292612875414 0.720276261382
0.760802057982 0.105492536934
0.297299570008 0.576838361234
0.655285487337 0.028740279849
0.447238181589 0.663995620018
0.145909020246 0.793233148473
0.081562266006 0.273622213694
0.720522653712 0.415124098634
0.379556079949 0.242178000100
0.909019492080 0.228606191983
0.409840865389 0.882194384439
0.834257116968 0.692265447390
0.180231794757 0.618718984681
0.551564288221 0.140173527910
0.704348592019 0.093212717467
0.522899246664 0.648447629914
0.262985788114 0.504152122304
0.090100400869 0.425242030626
0.658002104298 0.163570910265
0.889002955260 0.597235823189
0.532791642131 0.571868901740
0.871201012254 0.746706878009
0.493901570210 0.458641602532
0.319712702259 0.567055182896
0.958225385742 0.638046975396
0.619995503365 0.169477039988
0.435975300715 0.029429717229
0.730155583874 0.893496672132
0.442977848333 0.785813364383
0.513164248437 0.008013833083
0.748646415944 0.729927423813
0.232497232322 0.193153754154
0.242073291038 0.350631731877
0.686180760778 0.950378831930
0.863123613378 0.317538634482
0.596237248181 0.842125675371
0.106897807938 0.770395771780
0.460429908116 0.839351369263
0.536329184784 0.343117569187
0.416808812743 0.304361889210
0.528193626210 0.738492271802
0.259823300471 0.930473830535
0.570995211734 0.745492140936
0.822499166434 0.205102564349
0.651241314283 0.240789703615
0.714855851073 0.696903539052
0.892935739340 0.380956320646
0.727998981655 0.644674857530
0.844501441774 0.628169737670
0.601634460874 0.840470273243
0.835663994270 0.306613221836
0.580713700638 0.920129176909
0.292625487385 0.337750206780
0.687085821220 0.103091571970
0.593860195389 0.322483332204
0.670558538910 0.327107706649
0.775795067375 0.839747846322
0.624706215371 0.886528464706
0.710125111674 0.794573071132
0.643351975047 0.103316988820
0.337801368287 0.229043855851
0.449101302412 0.231934561448
0.593202476528 0.631229012420
0.205031879294 0.148158832255
0.831382197056 0.150702753605
0.854829115992 0.332428458923
0.310936734153 0.606870297251
0.567755004523 0.572880998853
0.433907088692 0.233473836033
0.102545420430 0.433464236658
0.074848324078 0.409040160107
0.719103439413 0.109414731178
0.066829691191 0.575859344698
0.707608448739 0.522866020799
0.980818405510 0.452004876792
0.810014035741 0.780302940817
0.389374158436 0.488006780503
0.635609581516 0.484787345744
0.251716053172 0.209268328550
0.821385642705 0.348441755480
0.729413100688 0.102188701067
0.915787120097 0.388717674741
0.587989909711 0.072454615280
0.333091475846 0.615961039349
0.372405968460 0.322182119666
0.387263267391 0.116610723109
0.379439076264 0.365439074199
0.305092879642 0.857882748791
0.202025892493 0.520965906447
0.528912657762 0.368148285981
0.608253468668 0.563468568391
0.479967624061 0.780961078308
0.169879017437 0.359439057149
0.919897593772 0.716663904888
0.918503817385 0.451297317969
0.112128073376 0.721110196952
0.717730567725 0.315066431257
0.632024030581 0.665405848684
0.637269994392 0.530852143544
0.376666142227 0.939464189797
0.532702708275 0.640912835868
0.189440334958 0.467772073454
0.527143257793 0.166782141702
0.067809891437 0.432893833479
0.760093505438 0.395641736778
0.348682695382 0.088676814476
0.279415335106 0.685948691491
0.249970943492 0.478697873763
0.084224222713 0.235645900070
0.367925272409 0.509750118598
0.120841159746 0.419881093414
0.530622192549 0.073191181541
0.979763601902 0.432468426980
0.674376532825 0.414551435833
0.367274022979 0.360822824612
0.817774672950 0.649645754055
0.352179181611 0.337019497840
