1.417991018378 -0.332025130487
0.328945364604 0.143164875662
0.507244805342 0.237609707131
1.021110387540 0.600839619672
0.487211932971 -0.220773935012
0.251073282209 0.377132435103
0.710278228481 0.518969743208
0.608329951258 -0.513955389998
0.542500797440 -0.176868428339
0.951702439628 -0.224386487213
0.625931292226 -0.490208900113
0.443147347440 -0.554914827944
1.091734525809 -0.397049003908
0.372369476961 0.006836546340
1.048267326086 -0.230178851276
0.488056683115 -0.469857442885
0.302717537222 0.410880789989
0.402191494578 0.416318886067
0.954355459646 -0.408061780756
0.668137330649 -0.389164095685
0.865635576446 -0.242322686094
0.558562705248 0.277306331853
0.220257649982 0.419928842993
0.790677471621 0.142291750412
1.251165537619 0.086265305180
1.195101320920 0.642818540451
0.597128374965 -0.165163928462
1.223315207140 -0.028901595714
1.302965030068 -0.176200839766
0.793605605085 0.176361134679
0.882450549458 0.539586072662
1.270551203662 -0.128543594508
1.139465297252 0.088360502348
0.745442028606 -0.380461047168
0.719621955434 -0.183383488791
0.779119117457 0.445754067012
1.086326195952 0.259813729552
0.926424648489 0.431478825635
0.873490037472 0.460657024897
0.691604902852 0.145166524386
1.176342127411 0.498457398588
0.767010365774 0.503150482604
1.143530840561 0.506482418559
0.860295242389 0.263006455105
1.143503006899 0.120669286375
0.924494905816 0.095337405904
0.896036228701 0.114049047195
0.489434567131 -0.113461384324
0.780776054936 0.350853387434
0.947462502166 0.410845669857
