0.581335767308 0.729820905889
0.039341709586 0.528346657410
0.760244484935 0.198752904590
0.465642598100 0.984137888296
0.632950398287 0.718074512369
0.961323227259 0.917051620529
0.781922012517 0.583611101514
0.062999599395 0.987881487233
0.489475004955 0.619868735229
0.557029390139 0.139492619117
0.054500149808 0.480158902118
0.953383296019 0.369477212515
0.480250206189 0.252824011318
0.895232517481 0.887585013846
0.573026891466 0.092015489026
0.082528413991 0.950472881540
0.698535300488 0.911287398755
0.733917385511 0.820834410335
0.601730783610 0.489121055810
0.659438579264 0.060068298611
0.740508224755 0.354183326092
0.067508521506 0.637960117459
0.518372206837 0.511985614317
0.047439213388 0.764581500265
0.851320368669 0.055554494275
0.795956788071 0.775032829674
0.324604184210 0.003279204015
0.567076285967 0.396112086809
0.014396678194 0.051623903227
0.099420540058 0.093926659574
0.508232650233 0.205605902291
0.674946872907 0.347523052559
0.351808895672 0.370006968353
0.716672787610 0.513873292253
0.466331743744 0.187173122817
0.447063513670 0.696335902833
0.019993300322 0.571445575117
0.815594591157 0.393720524710
0.132433403547 0.839051702954
0.669799190869 0.448728298873
0.851094181848 0.787998625494
0.751611514425 0.065155102188
0.041564079011 0.886948453469
0.619550120230 0.752435097180
0.843786543897 0.210287015236
0.626558017830 0.715746401976
0.499507318833 0.423477558518
0.021438179310 0.773545394832
0.128471741716 0.090391365134
0.917807846777 0.748318809724
0.445064022309 0.807640460275
0.818829309153 0.738244316713
0.096046669897 0.265859692652
0.715538594573 0.806712973585
0.660844632113 0.903891450237
0.867811784583 0.491734309935
0.233221903498 0.765056970009
0.327592190431 0.361110729948
0.831503394952 0.306420788007
0.495747983338 0.266079775120
0.527574199375 0.743767145729
0.870213418703 0.822439761325
0.401519153128 0.485106009404
0.934389899237 0.533694922583
0.291495599852 0.905200859975
0.583430285469 0.709048140959
0.716327806636 0.516468076854
0.986461376535 0.393294356156
0.319702489609 0.424110036442
0.299530300149 0.156775025687
0.611147858345 0.059650571798
0.324249332846 0.760837550685
0.719800670100 0.127867433272
0.099653596547 0.339956721370
0.518965883534 0.401146080904
0.076826310269 0.767446112765
0.318237835615 0.446554867189
0.212577270161 0.783975530133
0.133811571201 0.960488729868
0.884332650314 0.116633704891
0.822502863086 0.507501705435
0.558085418436 0.310238383317
0.546048542146 0.097499215067
0.504178402597 0.501975232619
0.187607056971 0.476615550806
0.131233949478 0.948595201352
0.732740784933 0.521044123806
0.336600798959 0.042770236973
0.933158003710 0.858361756163
0.009994182040 0.559434430804
0.553262693471 0.175675510237
0.282598214523 0.965567691011
0.475836406107 0.260680642273
0.289924883584 0.378665089463
0.798771145940 0.593522040079
0.904374923302 0.113591928993
0.731122826163 0.971503399306
0.348063381935 0.220893180515
0.319876507232 0.342465562127
0.344311184563 0.117813528776
0.928164861614 0.232705803642
0.815116253638 0.862098623966
0.103631672939 0.989256006663
0.146743533469 0.258060370632
0.020850973209 0.635922145247
0.640275559304 0.587682736243
0.036609723707 0.069633238034
0.929327598524 0.259037369457
0.457096089948 0.801469820971
0.317473993012 0.499409836600
0.656251156157 0.947680934087
0.325177005801 0.868328569193
0.771308815752 0.295991728151
0.047710038267 0.007611663083
0.473807193449 0.233945167445
0.212926707979 0.036386019093
0.269737679807 0.533356794513
0.608658232169 0.091613916469
0.077867823205 0.903380896408
0.817217973484 0.413115123616
0.204125211622 0.961607028256
0.188759147001 0.914796487641
0.984260849651 0.025797383633
0.166197307447 0.356316944667
0.406147925743 0.459193223496
0.377081461106 0.426800530270
0.023996778304 0.311807981299
0.241052735653 0.616252765901
0.711054576726 0.451532419410
0.085313057314 0.271602975268
0.323832567624 0.517225535940
0.055076859904 0.801398762223
0.068947985552 0.609683953833
0.112860239836 0.584730499095
0.870909725519 0.598542662477
0.761451751637 0.821016926044
0.778512248485 0.184656041717
0.720963124819 0.008634575412
0.195096849044 0.265500590034
0.157345701744 0.362206781600
0.839239190295 0.676229417947
0.353187062627 0.959254336767
0.747120604559 0.631028833015
0.381534874528 0.961932106400
0.075951277762 0.193862584465
0.281064373972 0.891769449434
0.117367499535 0.077083265427
0.771056610805 0.405468210672
0.726409592835 0.693008365038
0.734481760006 0.409847709213
0.474970621400 0.340917948480
0.336846944256 0.652508699720
0.239698018469 0.176354064880
0.620689746603 0.889675789953
0.720737067452 0.344450571654
0.776440476947 0.743568150965
0.984901213316 0.322653880418
0.694838648358 0.491997307514
0.265495283358 0.811284063806
0.941678813645 0.341618679543
0.719309112690 0.586592974511
0.676019061747 0.639234195612
0.078807410337 0.175882080145
0.352626101429 0.919126508506
0.484115467520 0.737492117737
0.801953991829 0.674808898865
0.231498223783 0.221085701189
0.483344667937 0.389252710247
0.494051427463 0.041509876503
0.488964493267 0.304676800339
0.165616628985 0.832891279560
0.713678374820 0.237819509403
0.547891416249 0.153033584392
0.982192429011 0.314096434581
0.780645307335 0.607466542769
0.104651151715 0.009752179731
0.949885975558 0.104885373522
0.360728991069 0.741220859052
0.596341550256 0.711623709815
0.919071204709 0.972815513605
0.386262760820 0.830132828520
0.800281653600 0.955202018832
0.681080802037 0.106150213421
0.848492314072 0.745633534329
0.221934014983 0.823617417091
0.104396573292 0.810876946619
0.380847031106 0.813626432282
0.530256291975 0.044178606021
0.201076467335 0.187475399391
0.553638436262 0.290680614368
0.767276458388 0.040921513466
0.119578836514 0.267337861533
0.672832605818 0.720148337241
0.244702735041 0.049705076043
0.837562004299 0.557063441155
0.668283585382 0.162584371903
0.357098877047 0.687632305941
0.719313381174 0.699054901185
0.455526884286 0.516488971542
0.985036337978 0.803387036501
0.900616729609 0.484186452461
0.560609499356 0.245154615083
0.670714518211 0.760900698314
0.586696612552 0.938757409095
0.804653709709 0.706334092586
0.174425539368 0.417037084796
0.938368880408 0.990634193409
0.447585715318 0.727836646309
0.028482595000 0.813786638159
0.312424476098 0.318341475287
0.568127176624 0.068133326962
0.320238547940 0.772985514666
0.750859130582 0.208107106436
0.394973617838 0.363884649557
0.693264620540 0.578057398456
0.921264151093 0.659948036461
0.155489815668 0.652120771038
0.314560882122 0.510847065251
0.876052371197 0.086576577296
0.587177834145 0.292720315813
0.538124242224 0.712445414325
0.230040666002 0.602316119616
0.822399855783 0.565905433513
0.401328746556 0.337401230898
0.458110939352 0.769755929189
0.073372216214 0.863008726356
0.399543111073 0.206186086919
0.701980941394 0.343347741604
0.477721761558 0.017669642581
0.403672782333 0.775308247370
0.045420411519 0.555790465455
0.071643422840 0.257330247028
0.863624534771 0.122537849732
0.375604315050 0.519012141861
0.181579971961 0.945545634009
0.898860466643 0.171351104083
0.731725431451 0.006814611844
0.268696306103 0.446917912794
0.918074390133 0.083249066510
0.474397902953 0.439265427282
0.279400033010 0.224338628870
0.780893670111 0.515713573786
0.472126040718 0.752407128632
0.850678155164 0.145846572040
0.275485398079 0.166986904612
0.014217097781 0.148944743012
0.001096590190 0.500902545289
0.018773740860 0.964679019983
0.014510018289 0.000195638044
0.460215082499 0.288775466683
0.012106533631 0.701104442752
0.510664006581 0.426692758088
0.101716568252 0.387113905369
0.741651096554 0.429451966293
0.738532393411 0.822563470300
0.548858100676 0.557327044559
0.757426582220 0.382876556689
0.441107730018 0.706671655343
0.682026066278 0.720047157891
0.426582424302 0.516942416205
0.122084358735 0.257402993100
0.450614139775 0.078298773169
0.681833337220 0.266619963168
0.231073193073 0.081328932448
0.534266935320 0.115851309177
0.912306374384 0.648668425309
0.945422983250 0.336198506955
0.768357446363 0.368164490063
0.800283716247 0.223174025589
0.919559164420 0.005406533835
0.814513233680 0.259073711759
0.184593231693 0.407594396362
0.218098756210 0.607550945973
0.379544922938 0.192302646393
0.389952664354 0.526723969385
0.861753639966 0.183079290246
0.033391027719 0.177182136843
0.926303166413 0.968542513430
0.388523002711 0.486098443504
0.236147353946 0.249319414666
0.068787973623 0.966089986955
0.270654616940 0.887589148220
0.536064591384 0.014986951606
0.396457938337 0.855315141113
0.071802627545 0.031706067974
0.154389949551 0.190438424514
0.506856582944 0.454908578064
0.635861188554 0.182568912670
0.849808617227 0.522718714206
0.959485770427 0.559844458606
0.596518417028 0.987767153184
0.023029427282 0.932036747442
0.168272141174 0.217296578041
0.252798995295 0.728348890955
0.269340814154 0.501432771911
0.007770901781 0.967249512665
0.059247728917 0.775322103355
0.308240815603 0.705260495587
0.323411131819 0.581578987553
0.966609606279 0.847134494187
0.409256654188 0.742576186718
0.675145566853 0.839995518522
0.291597262558 0.483917412228
0.182674364695 0.246509354619
0.329283679679 0.562344304417
0.871753197599 0.790035099906
0.844647171638 0.727932870558
0.476046174643 0.466375058858
0.716956416312 0.155719096576
0.647152832161 0.050998287753
0.493696996126 0.062197425650
0.251273606962 0.581199822617
0.035818079960 0.216987069048
0.603165965668 0.731830520260
0.547498830954 0.314136701942
0.875673643750 0.570284712261
0.843667801899 0.569714474857
0.060166061171 0.841722236444
0.990961034314 0.931316807152
0.399884684337 0.248596776800
0.715422270986 0.149258045747
0.362198921470 0.414858423969
0.165115813297 0.432852781013
0.312637550596 0.209453377689
0.067961133800 0.710996417727
0.615118268788 0.707411034197
0.620534934481 0.103184625530
0.060599147589 0.612579656675
0.197236304916 0.135388360390
0.812733196610 0.143083497915
0.271602958038 0.828428556870
0.775406588748 0.300511521357
0.255430887280 0.174715924816
0.897490100911 0.590821290293
0.403499671585 0.008625879420
0.034610829091 0.921009822497
0.791904661756 0.562462807531
0.772070539829 0.243478760413
0.551381592069 0.330045875006
0.318873760598 0.734841504305
0.483401958012 0.386783918922
0.126527813526 0.738176463344
0.671981337637 0.796484647039
0.234611663091 0.485031682412
0.345341266446 0.003514077748
0.727577620821 0.477266432130
0.631869427541 0.567603168443
0.585842440740 0.073453328124
0.649992294761 0.816005802438
0.212351940855 0.228703586205
0.786291676058 0.470855642220
0.187128748555 0.876199873601
0.979574880791 0.812573483869
0.366836524421 0.493888698168
0.354224584614 0.597526193503
0.333707591131 0.878906960338
0.884080273538 0.795571081526
0.779698793492 0.347285342251
0.639790725578 0.501958491165
0.732601276769 0.988644893977
0.524289708474 0.839861736130
0.771357475960 0.965540035387
0.998957799515 0.211823362674
0.623023390217 0.975087180961
0.756487706619 0.877118047531
0.753950679850 0.320728089502
0.170092366443 0.541664756029
0.075899342325 0.917897794609
0.110290847279 0.711888880635
0.934991006957 0.057104355902
0.090893100968 0.617253585629
0.653064971243 0.931310405007
0.303370402731 0.044479385727
0.620492421934 0.111769037347
0.554865853292 0.850102114689
0.535835134922 0.666334547723
0.271270446775 0.465046393560
0.106322702045 0.568385279171
0.181252462832 0.247229023661
0.360120815542 0.551234137628
0.564131402775 0.436699781669
0.870316160813 0.280308670662
0.684721659330 0.756875736349
0.107513815422 0.582124649683
0.001235665521 0.206531669527
0.310297964912 0.980447766832
0.830320290716 0.618176178452
0.096954875648 0.689685006088
0.795283433002 0.858261024779
0.114702872260 0.052481670876
0.030931492110 0.163813234112
0.088988299269 0.081662862348
0.174234585411 0.314430696032
0.076083603566 0.556547290309
0.543321527434 0.316693842019
0.425789950049 0.839465217860
0.699824447441 0.552013691178
0.788507017723 0.042494525677
0.464335381860 0.819322045385
0.646506328752 0.657453630505
0.119446917698 0.776923438482
0.410458457985 0.310596515963
0.369252097180 0.778752602120
0.668966595705 0.123530713870
0.735824163476 0.233171317082
0.732477468376 0.649927026278
0.953889534332 0.668407810076
0.519429490324 0.579550358136
0.854707522517 0.491870193391
0.345495600567 0.467815420932
0.167434359474 0.577389031085
0.675635588280 0.241525112009
0.626987629949 0.594568271794
0.394108599842 0.427519906179
0.035301606645 0.710970684120
0.029541024712 0.496427366858
0.329217455194 0.169933069304
0.779453769508 0.735901628792
0.516308227907 0.749987532559
0.499453756143 0.512119040245
0.240450320356 0.070029553508
0.347966324153 0.260149724376
0.017702697082 0.142049037884
0.367395039966 0.127495569905
0.521993315435 0.391020910440
0.561474999311 0.521159754023
0.597783920494 0.058059998336
0.131260194148 0.178863872816
0.884285168230 0.983665840929
0.735173101475 0.293925408575
0.912043106489 0.656031502564
0.406620798727 0.287384492412
0.170187722698 0.206003112301
0.379332263111 0.669743475893
0.681232308196 0.740771130831
0.813030417267 0.787486381779
0.452260632639 0.155755927124
0.025227726210 0.032100401361
0.213325232317 0.125889064773
0.235343957375 0.958327702935
0.657647880180 0.049085604038
0.994293195660 0.697260317788
0.415392800098 0.585040460244
0.502695037402 0.627836352826
0.337081056865 0.031489575755
0.241834311570 0.200035654753
0.930811068493 0.843911314812
0.345274494110 0.099594375840
0.293045443784 0.097074195998
0.117362817544 0.140807233784
0.652167253348 0.798061053687
0.128520833125 0.562036687406
0.927453190304 0.340101749948
0.950798398804 0.078647801671
0.562526266687 0.937260025632
0.198393084155 0.698672304791
0.539230615725 0.408473031458
0.595429676258 0.937519663465
0.946340988145 0.877344344481
0.200098324614 0.623826334165
0.401723026624 0.877156134433
0.324926658144 0.709561940681
0.295588204240 0.342747801529
0.397708666371 0.092897040093
0.528173239326 0.691122846839
0.849661868263 0.955303396554
0.413431044764 0.714747595767
0.480154933753 0.121675463887
0.276956720342 0.257548317606
0.028331758461 0.400311684795
0.443202860058 0.438591922270
0.242051340696 0.943927183967
0.544024495302 0.952547550656
0.671213715493 0.780153168780
0.844902016419 0.919071263149
0.065047652243 0.158837995762
0.925759504066 0.452686062188
0.564578596168 0.224913961074
0.662864649124 0.775460931653
0.880176421227 0.205913996139
0.488486408603 0.296786389383
0.909648305017 0.623538987391
0.955079436292 0.989681353092
0.529596485554 0.500671802671
0.534194942455 0.584598160951
0.366631487004 0.504256005051
0.638323665280 0.317009134292
0.436563443261 0.683950554739
0.580651364890 0.627511871426
0.005367864390 0.793826362536
0.901988068340 0.516220576017
0.533963280621 0.134810656108
0.263712926596 0.930021553051
0.052685898508 0.438503038240
0.829323206988 0.248312573705
0.224639251648 0.938424803069
0.045814801949 0.535819372753
0.758348917998 0.022683588095
0.119606376886 0.919520132923
0.155000271777 0.354212796864
